[ DEBUG ] Atom 0
[ DEBUG ] eii> Config 0
[ DEBUG ] tbr> Config 0
[ DEBUG ] eii>  -922.857 -241.618 4.93196 4.37235 3.98635 3.69261 3.45858 3.26616 3.10418 2.96531 2.84446 2.73802 2.6433 2.55828 2.48139 
[ DEBUG ] tbr>  
[ DEBUG ] eii>  -235.415 -524.886 -84.5899 0.43106 0.346284 0.317005 0.297392 0.281921 0.268954 0.257758 0.247919 0.239165 0.231301 0.224183 0.217698 
[ DEBUG ] tbr>  
[ DEBUG ] eii>  0 -78.6041 -271.018 -75.7346 0.0892984 0.0322009 0.022449 0.0191424 0.0176198 0.0167405 0.0161359 0.0156653 0.0152686 0.0149176 0.0145977 
[ DEBUG ] tbr>  
[ DEBUG ] eii>  0 0 -69.7681 -244.366 -69.1838 0.0797584 0.0246262 0.0145995 0.0111561 0.00963867 0.00884705 0.00837366 0.00805549 0.00781962 0.00763068 
[ DEBUG ] tbr>  
[ DEBUG ] eii>  0 0 0 -63.6932 -225.221 -64.2887 0.0746196 0.0217387 0.0116634 0.00810323 0.00651866 0.00570391 0.00523693 0.00494373 0.00474415 
[ DEBUG ] tbr>  
[ DEBUG ] eii>  0 0 0 0 -59.158 -210.53 -60.4363 0.070945 0.0202822 0.0103039 0.00669021 0.00505367 0.00420575 0.00372217 0.0034245 
[ DEBUG ] tbr>  
[ DEBUG ] eii>  0 0 0 0 0 -55.5912 -198.754 -57.2933 0.0679621 0.0193709 0.00956509 0.00594405 0.00427761 0.00340402 0.00290282 
[ DEBUG ] tbr>  
[ DEBUG ] eii>  0 0 0 0 0 0 -52.6825 -189.016 -54.6602 0.065398 0.0187038 0.00910568 0.00550659 0.00382768 0.0029375 
[ DEBUG ] tbr>  
[ DEBUG ] eii>  0 0 0 0 0 0 0 -50.2467 -180.774 -52.4089 0.0631309 0.0181623 0.00878537 0.0052259 0.00354677 
[ DEBUG ] tbr>  
[ DEBUG ] eii>  0 0 0 0 0 0 0 0 -48.1648 -173.67 -50.4528 0.0610944 0.0176942 0.00854024 0.00503068 
[ DEBUG ] tbr>  
[ DEBUG ] eii>  0 0 0 0 0 0 0 0 0 -46.3565 -167.457 -48.7307 0.0592462 0.0172744 0.00833888 
[ DEBUG ] tbr>  
[ DEBUG ] eii>  0 0 0 0 0 0 0 0 0 0 -44.765 -161.958 -47.1983 0.0575567 0.0168896 
[ DEBUG ] tbr>  
[ DEBUG ] eii>  0 0 0 0 0 0 0 0 0 0 0 -43.3491 -157.042 -45.8219 0.0560035 
[ DEBUG ] tbr>  
[ DEBUG ] eii>  0 0 0 0 0 0 0 0 0 0 0 0 -42.0778 -152.61 -44.5762 
[ DEBUG ] tbr>  
[ DEBUG ] eii>  0 0 0 0 0 0 0 0 0 0 0 0 0 -40.9274 -148.586 
[ DEBUG ] tbr>  
[ DEBUG ] eii> Config 1
[ DEBUG ] tbr> Config 1
[ DEBUG ] eii>  0 0 0 0 0 0 0 0 0 0 0 0 0 0 0 
[ DEBUG ] tbr>  (0,0,0.0869495) (0,1,0.00672683) (1,0,-0.00137205) (1,1,-2.39279e-05) (2,0,-0.00458705) (2,1,-0.000183398) (3,0,-0.00407113) (3,1,-0.000163362) (4,0,-0.00370593) (4,1,-0.000149104) (5,0,-0.00342905) (5,1,-0.0001382) (6,0,-0.0032094) (6,1,-0.000129483) (7,0,-0.0030294) (7,1,-0.000122296) (8,0,-0.00287828) (8,1,-0.000116232) (9,0,-0.00274897) (9,1,-0.000111023) (10,0,-0.00263662) (10,1,-0.000106483) (11,0,-0.00253778) (11,1,-0.000102479) (12,0,-0.00244991) (12,1,-9.89119e-05) (13,0,-0.0023711) (13,1,-9.57069e-05) (14,0,-0.00229987) (14,1,-9.28062e-05) 
[ DEBUG ] eii>  0 0 0 0 0 0 0 0 0 0 0 0 0 0 0 
[ DEBUG ] tbr>  (0,0,0.0114847) (0,1,0.00671463) (0,2,0.0056427) (1,0,0.00310546) (1,1,0.000238997) (1,2,6.94413e-05) (2,0,0.00113812) (2,1,-1.04164e-05) (2,2,-1.31481e-06) (3,0,-0.00011155) (3,1,-2.8536e-05) (3,2,-9.94213e-07) (4,0,-0.000101806) (4,1,-2.6108e-05) (4,2,-8.66536e-07) (5,0,-9.4358e-05) (5,1,-2.43361e-05) (5,2,-7.96642e-07) (6,0,-8.84054e-05) (6,1,-2.29312e-05) (6,2,-7.49828e-07) (7,0,-8.34986e-05) (7,1,-2.17671e-05) (7,2,-7.14358e-07) (8,0,-7.93592e-05) (8,1,-2.07756e-05) (8,2,-6.85425e-07) (9,0,-7.58036e-05) (9,1,-1.9915e-05) (9,2,-6.60749e-07) (10,0,-7.2705e-05) (10,1,-1.91574e-05) (10,2,-6.39107e-07) (11,0,-6.99722e-05) (11,1,-1.84829e-05) (11,2,-6.19773e-07) (12,0,-6.75378e-05) (12,1,-1.7877e-05) (12,2,-6.02278e-07) (13,0,-6.53507e-05) (13,1,-1.73285e-05) (13,2,-5.86298e-07) (14,0,-6.33713e-05) (14,1,-1.68286e-05) (14,2,-5.71598e-07) 
[ DEBUG ] eii>  0 0 0 0 0 0 0 0 0 0 0 0 0 0 0 
[ DEBUG ] tbr>  (0,0,1.67806e-05) (0,1,0.00208771) (0,2,0.0164452) (0,3,0.0083276) (1,0,0.00069879) (1,1,0.000125592) (1,2,0.000373328) (1,3,0.000113448) (2,0,0.00385576) (2,1,0.000125385) (2,2,-5.46726e-06) (2,3,-1.15485e-06) (3,0,0.00154671) (3,1,2.76297e-05) (3,2,-3.7639e-06) (3,3,-7.24627e-07) (4,1,-1.22872e-06) (4,2,-3.12805e-06) (4,3,-5.68993e-07) (5,1,-1.128e-06) (5,2,-2.81007e-06) (5,3,-4.95424e-07) (6,1,-1.06106e-06) (6,2,-2.61538e-06) (6,3,-4.534e-07) (7,1,-1.01061e-06) (7,2,-2.47824e-06) (7,3,-4.25751e-07) (8,1,-9.6961e-07) (8,2,-2.37209e-06) (8,3,-4.05557e-07) (9,1,-9.34718e-07) (9,2,-2.2847e-06) (9,3,-3.89662e-07) (10,1,-9.04156e-07) (10,2,-2.2098e-06) (10,3,-3.76474e-07) (11,1,-8.76873e-07) (11,2,-2.14385e-06) (11,3,-3.65124e-07) (12,1,-8.52195e-07) (12,2,-2.0847e-06) (12,3,-3.55103e-07) (13,1,-8.29659e-07) (13,2,-2.03097e-06) (13,3,-3.46093e-07) (14,1,-8.08927e-07) (14,2,-1.98167e-06) (14,3,-3.37884e-07) 
[ DEBUG ] eii>  0 0 0 0 0 0 0 0 0 0 0 0 0 0 0 
[ DEBUG ] tbr>  (0,0,3.10541e-07) (0,1,2.31933e-05) (0,2,0.00351595) (0,3,0.0171981) (0,4,0.00856626) (1,0,1.18115e-05) (1,1,2.33551e-05) (1,2,0.000150073) (1,3,0.000393833) (1,4,0.000118132) (2,0,0.000827517) (2,1,5.68601e-05) (2,2,-8.96278e-07) (2,3,-3.8482e-06) (2,4,-9.07981e-07) (3,0,0.00337955) (3,1,0.000111062) (3,2,-7.16952e-07) (3,3,-2.24366e-06) (3,4,-4.97171e-07) (4,0,0.00138101) (4,1,2.59049e-05) (4,2,-5.61616e-07) (4,3,-1.66911e-06) (4,4,-3.50565e-07) (5,2,-4.88306e-07) (5,3,-1.40474e-06) (5,4,-2.84131e-07) (6,2,-4.46524e-07) (6,3,-1.25976e-06) (6,4,-2.48667e-07) (7,2,-4.19101e-07) (7,3,-1.16884e-06) (7,4,-2.27208e-07) (8,2,-3.99119e-07) (8,3,-1.10553e-06) (8,4,-2.12852e-07) (9,2,-3.8342e-07) (9,3,-1.05776e-06) (9,4,-2.0244e-07) (10,2,-3.70415e-07) (10,3,-1.01948e-06) (10,4,-1.94389e-07) (11,2,-3.59234e-07) (11,3,-9.8741e-07) (11,4,-1.87846e-07) (12,2,-3.49371e-07) (12,3,-9.59663e-07) (12,4,-1.82321e-07) (13,2,-3.40507e-07) (13,3,-9.35082e-07) (13,4,-1.77519e-07) (14,2,-3.32434e-07) (14,3,-9.12927e-07) (14,4,-1.73253e-07) 
[ DEBUG ] eii>  0 0 0 0 0 0 0 0 0 0 0 0 0 0 0 
[ DEBUG ] tbr>  (0,0,7.90042e-12) (0,1,4.27626e-07) (0,2,2.28979e-05) (0,3,0.00366155) (0,4,0.0177448) (0,5,0.00874813) (1,0,3.34321e-07) (1,1,5.15546e-06) (1,2,1.76298e-05) (1,3,0.000154551) (1,4,0.000408326) (1,5,0.000121622) (2,0,9.65929e-06) (2,1,1.16066e-05) (2,2,2.78723e-06) (2,3,-7.23229e-07) (2,4,-3.22511e-06) (2,5,-7.95972e-07) (3,0,0.000739124) (3,1,4.99342e-05) (3,2,1.51196e-07) (3,3,-4.94235e-07) (3,4,-1.68603e-06) (3,5,-4.01025e-07) (4,0,0.00305342) (4,1,0.000100069) (4,3,-3.47759e-07) (4,4,-1.13605e-06) (4,5,-2.59517e-07) (5,0,0.00126187) (5,1,2.36431e-05) (5,3,-2.81411e-07) (5,4,-8.88373e-07) (5,5,-1.95963e-07) (6,3,-2.46023e-07) (6,4,-7.58062e-07) (6,5,-1.62819e-07) (7,3,-2.24634e-07) (7,4,-6.80934e-07) (7,5,-1.43495e-07) (8,3,-2.10346e-07) (8,4,-6.30745e-07) (8,5,-1.31175e-07) (9,3,-1.99999e-07) (9,4,-5.95436e-07) (9,5,-1.22717e-07) (10,3,-1.92009e-07) (10,4,-5.68948e-07) (10,5,-1.16534e-07) (11,3,-1.85523e-07) (11,4,-5.48012e-07) (11,5,-1.11772e-07) (12,3,-1.80053e-07) (12,4,-5.3076e-07) (12,5,-1.07941e-07) (13,3,-1.75303e-07) (13,4,-5.1607e-07) (13,5,-1.04749e-07) (14,3,-1.71086e-07) (14,4,-5.03237e-07) (14,5,-1.0201e-07) 
[ DEBUG ] eii>  0 0 0 0 0 0 0 0 0 0 0 0 0 0 0 
[ DEBUG ] tbr>  (0,1,1.11903e-11) (0,2,3.95942e-07) (0,3,2.30709e-05) (0,4,0.00377162) (0,5,0.0181698) (0,6,0.00889428) (1,0,9.16883e-12) (1,1,2.99863e-07) (1,2,3.68141e-06) (1,3,1.69241e-05) (1,4,0.000158235) (1,5,0.00041943) (1,6,0.000124386) (2,0,2.64029e-07) (2,1,2.99265e-06) (2,2,3.97927e-06) (2,3,2.06088e-06) (2,4,-6.30406e-07) (2,5,-2.9072e-06) (2,6,-7.32045e-07) (3,0,8.58318e-06) (3,1,9.57643e-06) (3,2,1.73314e-06) (3,3,8.44878e-08) (3,4,-3.99626e-07) (3,5,-1.42592e-06) (3,6,-3.51626e-07) (4,0,0.00067545) (4,1,4.53169e-05) (4,2,1.19609e-07) (4,4,-2.58213e-07) (4,5,-8.93226e-07) (4,6,-2.14308e-07) (5,0,0.00281123) (5,1,9.19322e-05) (5,4,-1.94704e-07) (5,5,-6.53961e-07) (5,6,-1.52564e-07) (6,0,0.00117069) (6,1,2.19103e-05) (6,4,-1.61592e-07) (6,5,-5.29701e-07) (6,6,-1.20565e-07) (7,4,-1.42296e-07) (7,5,-4.57888e-07) (7,6,-1.02177e-07) (8,4,-1.30003e-07) (8,5,-4.12714e-07) (8,6,-9.0717e-08) (9,4,-1.2157e-07) (9,5,-3.82223e-07) (9,6,-8.30806e-08) (10,4,-1.15412e-07) (10,5,-3.60373e-07) (10,6,-7.76932e-08) (11,4,-1.10674e-07) (11,5,-3.43893e-07) (11,6,-7.37002e-08) (12,4,-1.06866e-07) (12,5,-3.30911e-07) (12,6,-7.06117e-08) (13,4,-1.03695e-07) (13,5,-3.20302e-07) (13,6,-6.81333e-08) (14,4,-1.00977e-07) (14,5,-3.11363e-07) (14,6,-6.6081e-08) 
[ DEBUG ] eii>  0 0 0 0 0 0 0 0 0 0 0 0 0 0 0 
[ DEBUG ] tbr>  (0,2,1.01851e-11) (0,3,3.90701e-07) (0,4,2.32797e-05) (0,5,0.00385923) (0,6,0.0185152) (0,7,0.00901601) (1,1,9.45905e-12) (1,2,2.2332e-07) (1,3,3.34666e-06) (1,4,1.68347e-05) (1,5,0.000161219) (1,6,0.000428365) (1,7,0.000126665) (2,0,7.24006e-12) (2,1,1.90111e-07) (2,2,1.60271e-06) (2,3,3.00779e-06) (2,4,1.8524e-06) (2,5,-5.72295e-07) (2,6,-2.70972e-06) (2,7,-6.89155e-07) (3,0,2.31267e-07) (3,1,2.37527e-06) (3,2,2.56701e-06) (3,3,1.0278e-06) (3,4,6.5174e-08) (3,5,-3.50841e-07) (3,6,-1.2819e-06) (3,7,-3.22207e-07) (4,0,7.84825e-06) (4,1,8.52904e-06) (4,2,1.37421e-06) (4,3,5.70731e-08) (4,5,-2.13609e-07) (4,6,-7.64529e-07) (4,7,-1.88766e-07) (5,0,0.000626611) (5,1,4.1871e-05) (5,2,1.04382e-07) (5,5,-1.51899e-07) (5,6,-5.3144e-07) (5,7,-1.28519e-07) (6,0,0.00262182) (6,1,8.55796e-05) (6,5,-1.19918e-07) (6,6,-4.10679e-07) (6,7,-9.72933e-08) (7,0,0.0010979) (7,1,2.05263e-05) (7,5,-1.01544e-07) (7,6,-3.41491e-07) (7,7,-7.94324e-08) (8,5,-9.00971e-08) (8,6,-2.98624e-07) (8,7,-6.84097e-08) (9,5,-8.24724e-08) (9,6,-2.70306e-07) (9,7,-6.11736e-08) (10,5,-7.70961e-08) (10,6,-2.50552e-07) (10,7,-5.61688e-08) (11,5,-7.31141e-08) (11,6,-2.36105e-07) (11,7,-5.25471e-08) (12,5,-7.00362e-08) (12,6,-2.25094e-07) (12,7,-4.982e-08) (13,5,-6.75681e-08) (13,6,-2.16393e-07) (13,7,-4.76931e-08) (14,5,-6.55257e-08) (14,6,-2.09297e-07) (14,7,-4.5982e-08) 
[ DEBUG ] eii>  0 0 0 0 0 0 0 0 0 0 0 0 0 0 0 
[ DEBUG ] tbr>  (0,3,9.93903e-12) (0,4,3.9173e-07) (0,5,2.34685e-05) (0,6,0.00393151) (0,7,0.0188049) (0,8,0.00912005) (1,2,7.18273e-12) (1,3,2.00122e-07) (1,4,3.24945e-06) (1,5,1.68979e-05) (1,6,0.000163683) (1,7,0.000435796) (1,8,0.000128595) (2,1,6.23142e-12) (2,2,1.1564e-07) (2,3,1.23812e-06) (2,4,2.69172e-06) (2,5,1.78308e-06) (2,6,-5.30968e-07) (2,7,-2.5692e-06) (2,8,-6.57024e-07) (3,0,6.32602e-12) (3,1,1.51054e-07) (3,2,1.07863e-06) (3,3,1.62009e-06) (3,4,8.03977e-07) (3,5,5.80434e-08) (3,6,-3.21707e-07) (3,7,-1.1909e-06) (3,8,-3.0254e-07) (4,0,2.10704e-07) (4,1,2.0779e-06) (4,2,2.04419e-06) (4,3,7.0833e-07) (4,4,3.81689e-08) (4,6,-1.88346e-07) (4,7,-6.87941e-07) (4,8,-1.72775e-07) (5,0,7.29126e-06) (5,1,7.8355e-06) (5,2,1.19825e-06) (5,3,4.579e-08) (5,6,-1.2813e-07) (5,7,-4.6032e-07) (5,8,-1.13911e-07) (6,0,0.00058755) (6,1,3.91482e-05) (6,2,9.50307e-08) (6,6,-9.69189e-08) (6,7,-3.42218e-07) (6,8,-8.33309e-08) (7,0,0.00246822) (7,1,8.04348e-05) (7,6,-7.90671e-08) (7,7,-2.74695e-07) (7,8,-6.58459e-08) (8,0,0.00103798) (8,1,1.93868e-05) (8,6,-6.80514e-08) (8,7,-2.33117e-07) (8,8,-5.50933e-08) (9,6,-6.08214e-08) (9,7,-2.05934e-07) (9,8,-4.80836e-08) (10,6,-5.58224e-08) (10,7,-1.87246e-07) (10,8,-4.32859e-08) (11,6,-5.22063e-08) (11,7,-1.73828e-07) (11,8,-3.98618e-08) (12,6,-4.94846e-08) (12,7,-1.63819e-07) (12,8,-3.73266e-08) (13,6,-4.7363e-08) (13,7,-1.56095e-07) (13,8,-3.53871e-08) (14,6,-4.5657e-08) (14,7,-1.49951e-07) (14,8,-3.38591e-08) 
[ DEBUG ] eii>  0 0 0 0 0 0 0 0 0 0 0 0 0 0 0 
[ DEBUG ] tbr>  (0,4,9.90807e-12) (0,5,3.94354e-07) (0,6,2.36311e-05) (0,7,0.00399274) (0,8,0.0190535) (0,9,0.00921073) (1,3,6.40704e-12) (1,4,1.92049e-07) (1,5,3.22661e-06) (1,6,1.6999e-05) (1,7,0.00016576) (1,8,0.000442128) (1,9,0.000130263) (2,2,4.0084e-12) (2,3,9.0896e-08) (2,4,1.10381e-06) (2,5,2.5735e-06) (2,6,1.76133e-06) (2,7,-4.98858e-07) (2,8,-2.4597e-06) (2,9,-6.31139e-07) (3,1,4.97696e-12) (3,2,8.05589e-08) (3,3,7.2189e-07) (3,4,1.28691e-06) (3,5,7.15824e-07) (3,6,5.50892e-08) (3,7,-3.02188e-07) (3,8,-1.12716e-06) (3,9,-2.88156e-07) (4,0,5.76099e-12) (4,1,1.31644e-07) (4,2,8.64904e-07) (4,3,1.14369e-06) (4,4,4.88882e-07) (4,5,3.07454e-08) (4,7,-1.72499e-07) (4,8,-6.37887e-07) (4,9,-1.61881e-07) (5,0,1.95773e-07) (5,1,1.89453e-06) (5,2,1.78086e-06) (5,3,5.70721e-07) (5,4,2.76937e-08) (5,7,-1.13665e-07) (5,8,-4.15429e-07) (5,9,-1.0434e-07) (6,0,6.84548e-06) (6,1,7.31689e-06) (6,2,1.09047e-06) (6,3,3.98735e-08) (6,7,-8.30971e-08) (6,8,-2.99679e-07) (6,9,-7.43544e-08) (7,0,0.00055535) (7,1,3.69179e-05) (7,2,8.84053e-08) (7,7,-6.56193e-08) (7,8,-2.33457e-07) (7,9,-5.71854e-08) (8,0,0.00234029) (8,1,7.61542e-05) (8,7,-5.48715e-08) (8,8,-1.92754e-07) (8,9,-4.66333e-08) (9,0,0.000987494) (9,1,1.84268e-05) (9,7,-4.78656e-08) (9,8,-1.66264e-07) (9,9,-3.97736e-08) (10,7,-4.30713e-08) (10,8,-1.48188e-07) (10,9,-3.51028e-08) (11,7,-3.96503e-08) (11,8,-1.35344e-07) (11,9,-3.17948e-08) (12,7,-3.71181e-08) (12,8,-1.25888e-07) (12,9,-2.93701e-08) (13,7,-3.51815e-08) (13,8,-1.18703e-07) (13,9,-2.75378e-08) (14,7,-3.36565e-08) (14,8,-1.13087e-07) (14,9,-2.61147e-08) 
[ DEBUG ] eii>  0 0 0 0 0 0 0 0 0 0 0 0 0 0 0 
[ DEBUG ] tbr>  (0,5,9.94588e-12) (0,6,3.97244e-07) (0,7,2.37703e-05) (0,8,0.00404566) (0,9,0.0192706) (0,10,0.00929097) (1,4,6.10794e-12) (1,5,1.89326e-07) (1,6,3.23034e-06) (1,7,1.71042e-05) (1,8,0.000167542) (1,9,0.000447623) (1,10,0.000131729) (2,3,3.19299e-12) (2,4,8.08775e-08) (2,5,1.048e-06) (2,6,2.52897e-06) (2,7,1.75804e-06) (2,8,-4.72407e-07) (2,9,-2.36917e-06) (2,10,-6.0927e-07) (3,2,2.85894e-12) (3,3,5.62769e-08) (3,4,5.82225e-07) (3,5,1.14596e-06) (3,6,6.77122e-07) (3,7,5.38287e-08) (3,8,-2.87889e-07) (3,9,-1.07884e-06) (3,10,-2.76896e-07) (4,1,4.33432e-12) (4,2,6.50724e-08) (4,3,5.23333e-07) (4,4,8.16407e-07) (4,5,3.97786e-07) (4,6,2.73744e-08) (4,8,-1.61685e-07) (4,9,-6.02545e-07) (4,10,-1.53922e-07) (5,0,5.35675e-12) (5,1,1.19737e-07) (5,2,7.53172e-07) (5,3,9.26984e-07) (5,4,3.59835e-07) (5,5,2.03861e-08) (5,8,-1.04173e-07) (5,9,-3.85046e-07) (5,10,-9.76548e-08) (6,0,1.84058e-07) (6,1,1.76412e-06) (6,2,1.61928e-06) (6,3,4.97065e-07) (6,4,2.26198e-08) (6,8,-7.4199e-08) (6,9,-2.71515e-07) (6,10,-6.82381e-08) (7,0,6.47636e-06) (7,1,6.90273e-06) (7,2,1.0147e-06) (7,3,3.6206e-08) (7,8,-5.70364e-08) (7,9,-2.06443e-07) (7,10,-5.13595e-08) (8,0,0.000528192) (8,1,3.50438e-05) (8,2,8.32927e-08) (8,8,-4.64882e-08) (8,9,-1.66437e-07) (8,10,-4.09775e-08) (9,0,0.00223151) (9,1,7.25178e-05) (9,8,-3.96312e-08) (9,9,-1.40443e-07) (9,10,-3.42326e-08) (10,0,0.00094417) (10,1,1.76031e-05) (10,8,-3.49627e-08) (10,9,-1.22767e-07) (10,10,-2.96505e-08) (11,8,-3.16566e-08) (11,9,-1.10278e-07) (11,10,-2.64183e-08) (12,8,-2.92337e-08) (12,9,-1.01154e-07) (12,10,-2.40628e-08) (13,8,-2.74032e-08) (13,9,-9.42875e-08) (13,10,-2.22963e-08) (14,8,-2.59818e-08) (14,9,-8.89824e-08) (14,10,-2.0937e-08) 
[ DEBUG ] eii>  0 0 0 0 0 0 0 0 0 0 0 0 0 0 0 
[ DEBUG ] tbr>  (0,6,1.00049e-11) (0,7,3.99996e-07) (0,8,2.38903e-05) (0,9,0.00409214) (0,10,0.019463) (0,11,0.00936286) (1,5,5.99135e-12) (1,6,1.88744e-07) (1,7,3.24388e-06) (1,8,1.72029e-05) (1,9,0.000169096) (1,10,0.000452464) (1,11,0.000133032) (2,4,2.84051e-12) (2,5,7.63827e-08) (2,6,1.02403e-06) (2,7,2.5154e-06) (2,8,1.76235e-06) (2,9,-4.49764e-07) (2,10,-2.29138e-06) (2,11,-5.90206e-07) (3,3,2.05726e-12) (3,4,4.59454e-08) (3,5,5.18713e-07) (3,6,1.08015e-06) (3,7,6.59449e-07) (3,8,5.33313e-08) (3,9,-2.7668e-07) (3,10,-1.03998e-06) (3,11,-2.67623e-07) (4,2,2.3234e-12) (4,3,4.17045e-08) (4,4,3.85864e-07) (4,5,6.71743e-07) (4,6,3.5465e-07) (4,7,2.57088e-08) (4,9,-1.53775e-07) (4,10,-5.7595e-07) (4,11,-1.47766e-07) (5,1,3.93823e-12) (5,2,5.66882e-08) (5,3,4.2738e-07) (5,4,6.11171e-07) (5,5,2.70073e-07) (5,6,1.69427e-08) (5,9,-9.7534e-08) (5,10,-3.63222e-07) (5,11,-9.27221e-08) (6,0,5.04248e-12) (6,1,1.11385e-07) (6,2,6.84e-07) (6,3,8.07863e-07) (6,4,2.95267e-07) (6,5,1.55419e-08) (6,9,-6.81292e-08) (6,10,-2.51831e-07) (6,11,-6.38566e-08) (7,0,1.74437e-07) (7,1,1.66318e-06) (7,2,1.50643e-06) (7,3,4.51118e-07) (7,4,1.97394e-08) (7,9,-5.12567e-08) (7,10,-1.87842e-07) (7,11,-4.72557e-08) (8,0,6.16335e-06) (8,1,6.55861e-06) (8,2,9.56631e-07) (8,3,3.36512e-08) (8,9,-4.08781e-08) (8,10,-1.48455e-07) (8,11,-3.70296e-08) (9,0,0.000504869) (9,1,3.34386e-05) (9,2,7.91322e-08) (9,9,-3.41355e-08) (9,10,-1.22862e-07) (9,11,-3.0383e-08) (10,0,0.00213747) (10,1,6.93774e-05) (10,9,-2.9555e-08) (10,10,-1.05484e-07) (10,11,-2.58706e-08) (11,0,0.000906441) (11,1,1.68861e-05) (11,9,-2.63241e-08) (11,10,-9.32388e-08) (11,11,-2.26934e-08) (12,9,-2.39698e-08) (12,10,-8.43314e-08) (12,11,-2.03855e-08) (13,9,-2.22044e-08) (13,10,-7.76682e-08) (13,11,-1.86624e-08) (14,9,-2.08462e-08) (14,10,-7.25578e-08) (14,11,-1.73443e-08) 
[ DEBUG ] eii>  0 0 0 0 0 0 0 0 0 0 0 0 0 0 0 
[ DEBUG ] tbr>  (0,7,1.00681e-11) (0,8,4.02496e-07) (0,9,2.39948e-05) (0,10,0.00413348) (0,11,0.0196354) (0,12,0.00942791) (1,6,5.95299e-12) (1,7,1.89072e-07) (1,8,3.26066e-06) (1,9,1.72926e-05) (1,10,0.000170467) (1,11,0.000456777) (1,12,0.000134204) (2,5,2.67356e-12) (2,6,7.42833e-08) (2,7,1.01444e-06) (2,8,2.51573e-06) (2,9,1.76974e-06) (2,10,-4.29876e-07) (2,11,-2.22279e-06) (2,12,-5.73232e-07) (3,4,1.69574e-12) (3,5,4.09708e-08) (3,6,4.87237e-07) (3,7,1.04803e-06) (3,8,6.51652e-07) (3,9,5.3201e-08) (3,10,-2.67442e-07) (3,11,-1.00735e-06) (3,12,-2.59701e-07) (4,3,1.54909e-12) (4,4,3.1519e-08) (4,5,3.21034e-07) (4,6,5.99954e-07) (4,7,3.3255e-07) (4,8,2.48495e-08) (4,10,-1.47649e-07) (4,11,-5.54878e-07) (4,12,-1.4278e-07) (5,2,2.02566e-12) (5,3,3.42993e-08) (5,4,2.94205e-07) (5,5,4.68463e-07) (5,6,2.26161e-07) (5,7,1.51543e-08) (5,10,-9.26306e-08) (5,11,-3.46728e-07) (5,12,-8.89082e-08) (6,1,3.6617e-12) (6,2,5.1435e-08) (6,3,3.72948e-07) (6,4,5.04474e-07) (6,5,2.08119e-07) (6,6,1.21408e-08) (6,10,-6.37767e-08) (6,11,-2.37412e-07) (6,12,-6.05773e-08) (7,0,4.78556e-12) (7,1,1.05002e-07) (7,2,6.35847e-07) (7,3,7.3279e-07) (7,4,2.57934e-07) (7,5,1.29164e-08) (7,10,-4.71817e-08) (7,11,-1.74469e-07) (7,12,-4.42461e-08) (8,0,1.66297e-07) (8,1,1.58085e-06) (8,2,1.42061e-06) (8,3,4.19136e-07) (8,4,1.78976e-08) (8,10,-3.69588e-08) (8,11,-1.35662e-07) (8,12,-3.41687e-08) (9,0,5.89313e-06) (9,1,6.26508e-06) (9,2,9.09598e-07) (9,3,3.17212e-08) (9,10,-3.03141e-08) (9,11,-1.10427e-07) (9,12,-2.76121e-08) (10,0,0.000484547) (10,1,3.20425e-05) (10,2,7.56266e-08) (10,10,-2.58031e-08) (10,11,-9.32935e-08) (10,12,-2.31597e-08) (11,0,0.0020551) (11,1,6.66286e-05) (11,10,-2.2627e-08) (11,11,-8.12353e-08) (11,12,-2.00268e-08) (12,0,0.000873185) (12,1,1.62543e-05) (12,10,-2.03199e-08) (12,11,-7.24839e-08) (12,12,-1.77546e-08) (13,10,-1.85976e-08) (13,11,-6.59599e-08) (13,12,-1.60625e-08) (14,10,-1.72802e-08) (14,11,-6.09792e-08) (14,12,-1.47728e-08) 
[ DEBUG ] eii>  0 0 0 0 0 0 0 0 0 0 0 0 0 0 0 
[ DEBUG ] tbr>  (0,8,1.01292e-11) (0,9,4.04732e-07) (0,10,2.40866e-05) (0,11,0.00417065) (0,12,0.0197915) (0,13,0.00948727) (1,7,5.95038e-12) (1,8,1.89786e-07) (1,9,3.27797e-06) (1,10,1.73729e-05) (1,11,0.00017169) (1,12,0.00046066) (1,13,0.000135267) (2,6,2.59106e-12) (2,7,7.33268e-08) (2,8,1.0118e-06) (2,9,2.52245e-06) (2,10,1.77819e-06) (2,11,-4.12094e-07) (2,12,-2.16122e-06) (2,13,-5.57892e-07) (3,5,1.51418e-12) (3,6,3.83882e-08) (3,7,4.70929e-07) (3,8,1.03246e-06) (3,9,6.48803e-07) (3,10,5.32534e-08) (3,11,-2.59543e-07) (3,12,-9.79062e-07) (3,13,-2.52748e-07) (4,4,1.19229e-12) (4,5,2.64594e-08) (4,6,2.8729e-07) (4,7,5.61678e-07) (4,8,3.20725e-07) (4,9,2.44035e-08) (4,11,-1.42683e-07) (4,12,-5.3748e-07) (4,13,-1.38591e-07) (5,3,1.28128e-12) (5,4,2.4402e-08) (5,5,2.30174e-07) (5,6,3.9562e-07) (5,7,2.02672e-07) (5,8,1.41649e-08) (5,11,-8.88359e-08) (5,12,-3.33712e-07) (5,13,-8.58402e-08) (6,2,1.83707e-12) (6,3,2.998e-08) (6,4,2.44529e-07) (6,5,3.65565e-07) (6,6,1.64718e-07) (6,7,1.03302e-08) (6,11,-6.05162e-08) (6,12,-2.26407e-07) (6,13,-5.80269e-08) (7,1,3.45181e-12) (7,2,4.77755e-08) (7,3,3.38153e-07) (7,4,4.41378e-07) (7,5,1.73719e-07) (7,6,9.59804e-09) (7,11,-4.41907e-08) (7,12,-1.64481e-07) (7,13,-4.19585e-08) (8,0,4.5686e-12) (8,1,9.98455e-08) (8,2,5.99485e-07) (8,3,6.80468e-07) (8,4,2.33844e-07) (8,5,1.13246e-08) (8,11,-3.41165e-08) (8,12,-1.26234e-07) (8,13,-3.20257e-08) (9,0,1.59266e-07) (9,1,1.51137e-06) (9,2,1.35155e-06) (9,3,3.95062e-07) (9,4,1.66081e-08) (9,11,-2.75617e-08) (9,12,-1.01334e-07) (9,13,-2.55547e-08) (10,0,5.65655e-06) (10,1,6.00997e-06) (10,2,8.70082e-07) (10,3,3.01786e-08) (10,11,-2.31105e-08) (10,12,-8.44189e-08) (10,13,-2.11573e-08) (11,0,0.000466626) (11,1,3.08133e-05) (11,2,7.26013e-08) (11,11,-1.99785e-08) (11,12,-7.2517e-08) (11,13,-1.80628e-08) (12,0,0.00198212) (12,1,6.41956e-05) (12,11,-1.77069e-08) (12,12,-6.3888e-08) (12,13,-1.58197e-08) (13,0,0.000843571) (13,1,1.56919e-05) (13,11,-1.60155e-08) (13,12,-5.74674e-08) (13,13,-1.41517e-08) (14,11,-1.47263e-08) (14,12,-5.25794e-08) (14,13,-1.2883e-08) 
[ DEBUG ] eii>  0 0 0 0 0 0 0 0 0 0 0 0 0 0 0 
[ DEBUG ] tbr>  (0,9,1.01858e-11) (0,10,4.06721e-07) (0,11,2.4168e-05) (0,12,0.00420436) (0,13,0.0199338) (0,14,0.00954182) (1,8,5.96453e-12) (1,9,1.90649e-07) (1,10,3.29467e-06) (1,11,1.74448e-05) (1,12,0.000172793) (1,13,0.000464184) (1,14,0.000136237) (2,7,2.5505e-12) (2,8,7.29511e-08) (2,9,1.01264e-06) (2,10,2.53199e-06) (2,11,1.78679e-06) (2,12,-3.95992e-07) (2,13,-2.10526e-06) (2,14,-5.4388e-07) (3,6,1.41657e-12) (3,7,3.69892e-08) (3,8,4.62413e-07) (3,9,1.02554e-06) (3,10,6.48533e-07) (3,11,5.3397e-08) (3,12,-2.52608e-07) (3,13,-9.53975e-07) (3,14,-2.46524e-07) (4,5,1.0081e-12) (4,6,2.37224e-08) (4,7,2.68571e-07) (4,8,5.4039e-07) (4,9,3.14315e-07) (4,10,2.41817e-08) (4,12,-1.38508e-07) (4,13,-5.22642e-07) (4,14,-1.3497e-07) (5,4,9.33792e-13) (5,5,1.93997e-08) (5,6,1.96026e-07) (5,7,3.55334e-07) (5,8,1.89341e-07) (5,9,1.35956e-08) (5,12,-8.57809e-08) (5,13,-3.2306e-07) (5,14,-8.3289e-08) (6,3,1.1217e-12) (6,4,2.04081e-08) (6,5,1.82046e-07) (6,6,2.93515e-07) (6,7,1.4098e-07) (6,8,9.29649e-09) (6,12,-5.79785e-08) (6,13,-2.177e-07) (6,14,-5.59758e-08) (7,2,1.7054e-12) (7,3,2.71802e-08) (7,4,2.14402e-07) (7,5,3.06788e-07) (7,6,1.31307e-07) (7,7,7.80569e-09) (7,12,-4.19157e-08) (7,13,-1.56766e-07) (7,14,-4.01636e-08) (8,1,3.28325e-12) (8,2,4.50232e-08) (8,3,3.13801e-07) (8,4,4.00173e-07) (8,5,1.52537e-07) (8,6,8.10185e-09) (8,12,-3.19859e-08) (8,13,-1.19065e-07) (8,14,-3.03719e-08) (9,0,4.38121e-12) (9,1,9.55204e-08) (9,2,5.70429e-07) (9,3,6.41196e-07) (9,4,2.16924e-07) (9,5,1.02703e-08) (9,12,-2.55167e-08) (9,13,-9.44862e-08) (9,14,-2.39841e-08) (10,0,1.53098e-07) (10,1,1.45133e-06) (10,2,1.2938e-06) (10,3,3.759e-07) (10,4,1.5641e-08) (10,12,-2.11204e-08) (10,13,-7.77757e-08) (10,14,-1.96389e-08) (11,0,5.44705e-06) (11,1,5.78509e-06) (11,2,8.36029e-07) (11,3,2.88957e-08) (11,12,-1.80267e-08) (11,13,-6.60137e-08) (11,14,-1.65796e-08) (12,0,0.000450664) (12,1,2.97197e-05) (12,2,6.99445e-08) (12,12,-1.57842e-08) (12,13,-5.74883e-08) (12,14,-1.4362e-08) (13,0,0.00191686) (13,1,6.20217e-05) (13,12,-1.41166e-08) (13,13,-5.11505e-08) (13,14,-1.27139e-08) (14,0,0.000816972) (14,1,1.5187e-05) (14,12,-1.28483e-08) (14,13,-4.63333e-08) (14,14,-1.14617e-08) 
[ DEBUG ] eii>  0 0 0 0 0 0 0 0 0 0 0 0 0 0 0 
[ DEBUG ] tbr>  (0,10,1.02375e-11) (0,11,4.08493e-07) (0,12,2.42409e-05) (0,13,0.00423516) (0,14,0.0200645) (1,9,5.98634e-12) (1,10,1.91549e-07) (1,11,3.31031e-06) (1,12,1.75091e-05) (1,13,0.000173793) (1,14,0.000467405) (2,8,2.53204e-12) (2,9,7.28824e-08) (2,10,1.01522e-06) (2,11,2.5426e-06) (2,12,1.79511e-06) (2,13,-3.81271e-07) (2,14,-2.05392e-06) (3,7,1.36192e-12) (3,8,3.62205e-08) (3,9,4.58138e-07) (3,10,1.02334e-06) (3,11,6.49625e-07) (3,12,5.35841e-08) (3,13,-2.46398e-07) (3,14,-9.31345e-07) (4,6,9.05477e-13) (4,7,2.2155e-08) (4,8,2.57766e-07) (4,9,5.28337e-07) (4,10,3.10919e-07) (4,11,2.40867e-08) (4,13,-1.34898e-07) (4,14,-5.09665e-07) (5,5,7.51552e-13) (5,6,1.6635e-08) (5,7,1.76487e-07) (5,8,3.31811e-07) (5,9,1.81482e-07) (5,10,1.32615e-08) (5,13,-8.32389e-08) (5,14,-3.14074e-07) (6,4,7.84867e-13) (6,5,1.5517e-08) (6,6,1.48242e-07) (6,7,2.52875e-07) (6,8,1.27126e-07) (6,9,8.67679e-09) (6,13,-5.59362e-08) (6,14,-2.10591e-07) (7,3,1.01705e-12) (7,4,1.79323e-08) (7,5,1.53704e-07) (7,6,2.36258e-07) (7,7,1.07798e-07) (7,8,6.76415e-09) (7,13,-4.01295e-08) (7,14,-1.50623e-07) (8,2,1.60656e-12) (8,3,2.52099e-08) (8,4,1.94443e-07) (8,5,2.69918e-07) (8,6,1.11277e-07) (8,7,6.34454e-09) (8,13,-3.03408e-08) (8,14,-1.13456e-07) (9,1,3.14252e-12) (9,2,4.28354e-08) (9,3,2.95543e-07) (9,4,3.71085e-07) (9,5,1.38377e-07) (9,6,7.1448e-09) (9,13,-2.39547e-08) (9,14,-8.91919e-08) (10,0,4.21668e-12) (10,1,9.17975e-08) (10,2,5.46269e-07) (10,3,6.10069e-07) (10,4,2.04237e-07) (10,5,9.52084e-09) (10,13,-1.96106e-08) (10,14,-7.26776e-08) (11,0,1.47622e-07) (11,1,1.39855e-06) (11,2,1.24417e-06) (11,3,3.60022e-07) (11,4,1.48768e-08) (11,13,-1.6552e-08) (11,14,-6.10461e-08) (12,0,5.25975e-06) (12,1,5.58463e-06) (12,2,8.06137e-07) (12,3,2.7798e-08) (12,13,-1.4335e-08) (12,14,-5.26137e-08) (13,0,0.000436323) (13,1,2.87383e-05) (13,2,6.75804e-08) (13,13,-1.26872e-08) (13,14,-4.63468e-08) (14,0,0.00185804) (14,1,6.00635e-05) (14,13,-1.14354e-08) (14,14,-4.15873e-08) 
